[gd_scene load_steps=5 format=2]

[ext_resource path="res://world/interior/candle/Candle.tscn" type="PackedScene" id=1]
[ext_resource path="res://world/furniture/Chair.tscn" type="PackedScene" id=2]
[ext_resource path="res://world/furniture/Table.tscn" type="PackedScene" id=3]
[ext_resource path="res://world/kitchen/Plate.tscn" type="PackedScene" id=4]

[node name="TableDinner" type="Spatial"]
transform = Transform( 1, 0, 0, 0, 1, 0, 0, 0, 1, -1.5, 0.0518725, -0.5 )

[node name="Candle" parent="." instance=ExtResource( 1 )]
transform = Transform( 1, 0, 0, 0, 1, 0, 0, 0, 1, 0, 0.955848, 0 )

[node name="Table" parent="." instance=ExtResource( 3 )]

[node name="plate" parent="Table" instance=ExtResource( 4 )]
transform = Transform( 1, 0, 0, 0, 1, 0, 0, 0, 1, 0.505896, 0.996688, -0.521052 )

[node name="plate2" parent="Table" instance=ExtResource( 4 )]
transform = Transform( 1, 0, 0, 0, 1, 0, 0, 0, 1, 0.505896, 0.996688, 0.363324 )

[node name="plate3" parent="Table" instance=ExtResource( 4 )]
transform = Transform( 1, 0, 0, 0, 1, 0, 0, 0, 1, 0.0598598, 0.996688, 0.989655 )

[node name="Chair" parent="." instance=ExtResource( 2 )]
transform = Transform( 0.906308, 0, -0.422618, 0, 1, 0, 0.422618, 0, 0.906308, 0.805811, 0.32326, -0.4 )

[node name="Chair2" parent="." instance=ExtResource( 2 )]
transform = Transform( 0.573576, 0, 0.819152, 0, 1, 0, -0.819152, 0, 0.573576, 0.805811, 0.32326, 0.525687 )

[node name="Chair3" parent="." instance=ExtResource( 2 )]
transform = Transform( 0.906308, 0, -0.422618, 0, 1, 0, 0.422618, 0, 0.906308, -0.8, 0.32326, -0.4 )

[node name="Chair4" parent="." instance=ExtResource( 2 )]
transform = Transform( 0.573576, 0, 0.819152, 0, 1, 0, -0.819152, 0, 0.573576, -0.79597, 0.32326, 0.397687 )

[node name="Chair5" parent="." instance=ExtResource( 2 )]
transform = Transform( -0.106959, 0, 0.994263, 0, 1, 0, -0.994263, 0, -0.106959, 0.0311199, 0.32326, 1.57515 )
