[gd_scene load_steps=14 format=2]

[ext_resource path="res://scene/villagescene/Terrain.tscn" type="PackedScene" id=1]
[ext_resource path="res://world/village/SmallForest.tscn" type="PackedScene" id=2]
[ext_resource path="res://world/village/FarmHouses.tscn" type="PackedScene" id=3]
[ext_resource path="res://world/water/Pond.tscn" type="PackedScene" id=4]
[ext_resource path="res://actor/person/Person.tscn" type="PackedScene" id=5]
[ext_resource path="res://dialogtree/GenericVillager.gd" type="Script" id=6]
[ext_resource path="res://world/lod/house/CarpentersHouseLOD0.tscn" type="PackedScene" id=7]
[ext_resource path="res://actor/person/tasks/primarytasks/Carpenter.gd" type="Script" id=8]
[ext_resource path="res://world/loadstage/house/Simple1x1HouseLoadStages.tscn" type="PackedScene" id=9]
[ext_resource path="res://world/tool/hammer/Hammer.tscn" type="PackedScene" id=10]
[ext_resource path="res://world/barrel/Barrel.tscn" type="PackedScene" id=11]
[ext_resource path="res://world/jewellery/ring.tscn" type="PackedScene" id=12]
[ext_resource path="res://world/workbench/Workbench.tscn" type="PackedScene" id=13]

[node name="Village" type="Spatial"]

[node name="FarmHouses" parent="." instance=ExtResource( 3 )]
transform = Transform( 1, 0, 0, 0, 1, 0, 0, 0, 1, -76.6343, 6.03655, -29.9149 )

[node name="Terrain" parent="." instance=ExtResource( 1 )]
transform = Transform( 1, 0, 0, 0, 1, 0, 0, 0, 1, 0.00724983, 2.38419e-07, -0.014595 )

[node name="Pond" parent="." instance=ExtResource( 4 )]
transform = Transform( 1, 0, 0, 0, 1, 0, 0, 0, 1, -9.25053, -15.5828, -128.311 )

[node name="Barrel" parent="Pond" instance=ExtResource( 11 )]
transform = Transform( 0.38078, 0.200932, 0.90257, -0.466695, 0.884418, 0, -0.798249, -0.421225, 0.430543, 46.0505, 0.00909996, 52.7516 )

[node name="ring_of_invisibility" parent="Pond" instance=ExtResource( 12 )]
transform = Transform( 1, 0, 0, 0, 1, 0, 0, 0, 1, 44.1431, -0.438601, 52.8571 )

[node name="HermitsHut" type="Spatial" parent="."]
transform = Transform( -0.502959, 0, -0.86431, 0, 1, 0, 0.86431, 0, -0.502959, -260.653, 42.8903, 234.724 )

[node name="Simple1x1HouseLoadStages" parent="HermitsHut" instance=ExtResource( 9 )]

[node name="CarpentersHouseLOD0" parent="." instance=ExtResource( 7 )]
transform = Transform( -0.999616, 0.0276896, -0.000537562, 0.0276948, 0.999428, -0.0193996, 8.74063e-08, -0.019407, -0.999812, -100.602, -10.5088, -42.7003 )

[node name="Workbench" parent="CarpentersHouseLOD0" instance=ExtResource( 13 )]
transform = Transform( 1, -8.88178e-15, -7.10543e-15, 3.55271e-15, 1, 0, 1.42109e-14, 0, 1, 2.22811, 0, -1.8283 )

[node name="Person" parent="CarpentersHouseLOD0" instance=ExtResource( 5 )]
transform = Transform( -4.37114e-08, -1.77636e-15, -1, 0, 1, -8.88178e-16, 1, 0, -4.37114e-08, 1.47751, 0, -1.8283 )
current_task = ExtResource( 8 )
held_object = ExtResource( 10 )
dialog_tree = ExtResource( 6 )

[node name="SmallForest" parent="." instance=ExtResource( 2 )]
transform = Transform( 1, 0, 0, 0, 1, 0, 0, 0, 1, -38.9542, -15.0305, -272.823 )

[node name="SmallForest2" parent="." instance=ExtResource( 2 )]
transform = Transform( -0.911805, 0, 0.410623, 0, 1, 0, -0.410623, 0, -0.911805, -54.3473, -15.0305, -284.579 )

[node name="SmallForest3" parent="." instance=ExtResource( 2 )]
transform = Transform( -0.532669, 0, -0.846323, 0, 1, 0, 0.846323, 0, -0.532669, -92.5693, -14.1494, -236.292 )
